-0.100000
9.000000
0.000000
2.000000
2.000000
2.000000
0.200000
0.200000
0.100000
0.300000
0.100000
0.230000
4.270000
1.870000
1.110000
1.000000
1.000000
1.000000
0.800000
0.520000
-0.100000
9.000000
0.000000
2.000000
2.000000
2.000000
0.200000
0.200000
0.100000
0.300000
0.100000
0.230000
4.270000
1.870000
1.110000
1.000000
1.000000
1.000000
0.800000
0.520000
-0.100000
9.000000
0.000000
2.000000
2.000000
2.000000
0.200000
0.200000
0.100000
0.300000
0.100000
0.230000
4.270000
1.870000
1.110000
1.000000
1.000000
1.000000
0.800000
0.520000
